Maillage : coordonnées initiales des noeuds
Node Number    Coordonnée x [m]     Coordonnée y [m]     Coordonnée z [m]
0         +0.000000000e+00
1         +3.000000000e-06
2         +6.000000000e-06
3         +9.000000000e-06
4         +1.200000000e-05
5         +1.500000000e-05
6         +1.800000000e-05
7         +2.100000000e-05
8         +2.400000000e-05
9         +2.700000000e-05
10         +3.000000000e-05
11         +3.300000000e-05
12         +3.600000000e-05
13         +3.900000000e-05
14         +4.200000000e-05
15         +4.500000000e-05
16         +4.800000000e-05
17         +5.100000000e-05
18         +5.400000000e-05
19         +5.700000000e-05
20         +6.000000000e-05
21         +6.300000000e-05
22         +6.600000000e-05
23         +6.900000000e-05
24         +7.200000000e-05
25         +7.500000000e-05
26         +7.800000000e-05
27         +8.100000000e-05
28         +8.400000000e-05
29         +8.700000000e-05
30         +9.000000000e-05
31         +9.300000000e-05
32         +9.600000000e-05
33         +9.900000000e-05
34         +1.020000000e-04
35         +1.050000000e-04
36         +1.080000000e-04
37         +1.110000000e-04
38         +1.140000000e-04
39         +1.170000000e-04
40         +1.200000000e-04
41         +1.230000000e-04
42         +1.260000000e-04
43         +1.290000000e-04
44         +1.320000000e-04
45         +1.350000000e-04
46         +1.380000000e-04
47         +1.410000000e-04
48         +1.440000000e-04
49         +1.470000000e-04
50         +1.500000000e-04
51         +1.530000000e-04
52         +1.560000000e-04
53         +1.590000000e-04
54         +1.620000000e-04
55         +1.650000000e-04
56         +1.680000000e-04
57         +1.710000000e-04
58         +1.740000000e-04
59         +1.770000000e-04
60         +1.800000000e-04
61         +1.830000000e-04
62         +1.860000000e-04
63         +1.890000000e-04
64         +1.920000000e-04
65         +1.950000000e-04
66         +1.980000000e-04
67         +2.010000000e-04
68         +2.040000000e-04
69         +2.070000000e-04
70         +2.100000000e-04
71         +2.130000000e-04
72         +2.160000000e-04
73         +2.190000000e-04
74         +2.220000000e-04
75         +2.250000000e-04
76         +2.280000000e-04
77         +2.310000000e-04
78         +2.340000000e-04
79         +2.370000000e-04
80         +2.400000000e-04
81         +2.430000000e-04
82         +2.460000000e-04
83         +2.490000000e-04
84         +2.520000000e-04
85         +2.550000000e-04
86         +2.580000000e-04
87         +2.610000000e-04
88         +2.640000000e-04
89         +2.670000000e-04
90         +2.700000000e-04
91         +2.730000000e-04
92         +2.760000000e-04
93         +2.790000000e-04
94         +2.820000000e-04
95         +2.850000000e-04
96         +2.880000000e-04
97         +2.910000000e-04
98         +2.940000000e-04
99         +2.970000000e-04
100         +3.000000000e-04
101         +3.030000000e-04
102         +3.060000000e-04
103         +3.090000000e-04
104         +3.120000000e-04
105         +3.150000000e-04
106         +3.180000000e-04
107         +3.210000000e-04
108         +3.240000000e-04
109         +3.270000000e-04
110         +3.300000000e-04
111         +3.330000000e-04
112         +3.360000000e-04
113         +3.390000000e-04
114         +3.420000000e-04
115         +3.450000000e-04
116         +3.480000000e-04
117         +3.510000000e-04
118         +3.540000000e-04
119         +3.570000000e-04
120         +3.600000000e-04
121         +3.630000000e-04
122         +3.660000000e-04
123         +3.690000000e-04
124         +3.720000000e-04
125         +3.750000000e-04
126         +3.780000000e-04
127         +3.810000000e-04
128         +3.840000000e-04
129         +3.870000000e-04
130         +3.900000000e-04
131         +3.930000000e-04
132         +3.960000000e-04
133         +3.990000000e-04
134         +4.020000000e-04
135         +4.050000000e-04
136         +4.080000000e-04
137         +4.110000000e-04
138         +4.140000000e-04
139         +4.170000000e-04
140         +4.200000000e-04
141         +4.230000000e-04
142         +4.260000000e-04
143         +4.290000000e-04
144         +4.320000000e-04
145         +4.350000000e-04
146         +4.380000000e-04
147         +4.410000000e-04
148         +4.440000000e-04
149         +4.470000000e-04
150         +4.500000000e-04
151         +4.530000000e-04
152         +4.560000000e-04
153         +4.590000000e-04
154         +4.620000000e-04
155         +4.650000000e-04
156         +4.680000000e-04
157         +4.710000000e-04
158         +4.740000000e-04
159         +4.770000000e-04
160         +4.800000000e-04
161         +4.830000000e-04
162         +4.860000000e-04
163         +4.890000000e-04
164         +4.920000000e-04
165         +4.950000000e-04
166         +4.980000000e-04
167         +5.010000000e-04
168         +5.040000000e-04
169         +5.070000000e-04
170         +5.100000000e-04
171         +5.130000000e-04
172         +5.160000000e-04
173         +5.190000000e-04
174         +5.220000000e-04
175         +5.250000000e-04
176         +5.280000000e-04
177         +5.310000000e-04
178         +5.340000000e-04
179         +5.370000000e-04
180         +5.400000000e-04
181         +5.430000000e-04
182         +5.460000000e-04
183         +5.490000000e-04
184         +5.520000000e-04
185         +5.550000000e-04
186         +5.580000000e-04
187         +5.610000000e-04
188         +5.640000000e-04
189         +5.670000000e-04
190         +5.700000000e-04
191         +5.730000000e-04
192         +5.760000000e-04
193         +5.790000000e-04
194         +5.820000000e-04
195         +5.850000000e-04
196         +5.880000000e-04
197         +5.910000000e-04
198         +5.940000000e-04
199         +5.970000000e-04
200         +6.000000000e-04
201         +6.030000000e-04
202         +6.060000000e-04
203         +6.090000000e-04
204         +6.120000000e-04
205         +6.150000000e-04
206         +6.180000000e-04
207         +6.210000000e-04
208         +6.240000000e-04
209         +6.270000000e-04
210         +6.300000000e-04
211         +6.330000000e-04
212         +6.360000000e-04
213         +6.390000000e-04
214         +6.420000000e-04
215         +6.450000000e-04
216         +6.480000000e-04
217         +6.510000000e-04
218         +6.540000000e-04
219         +6.570000000e-04
220         +6.600000000e-04
221         +6.630000000e-04
222         +6.660000000e-04
223         +6.690000000e-04
224         +6.720000000e-04
225         +6.750000000e-04
226         +6.780000000e-04
227         +6.810000000e-04
228         +6.840000000e-04
229         +6.870000000e-04
230         +6.900000000e-04
231         +6.930000000e-04
232         +6.960000000e-04
233         +6.990000000e-04
234         +7.020000000e-04
235         +7.050000000e-04
236         +7.080000000e-04
237         +7.110000000e-04
238         +7.140000000e-04
239         +7.170000000e-04
240         +7.200000000e-04
241         +7.230000000e-04
242         +7.260000000e-04
243         +7.290000000e-04
244         +7.320000000e-04
245         +7.350000000e-04
246         +7.380000000e-04
247         +7.410000000e-04
248         +7.440000000e-04
249         +7.470000000e-04
250         +7.500000000e-04
251         +7.530000000e-04
252         +7.560000000e-04
253         +7.590000000e-04
254         +7.620000000e-04
255         +7.650000000e-04
256         +7.680000000e-04
257         +7.710000000e-04
258         +7.740000000e-04
259         +7.770000000e-04
260         +7.800000000e-04
261         +7.830000000e-04
262         +7.860000000e-04
263         +7.890000000e-04
264         +7.920000000e-04
265         +7.950000000e-04
266         +7.980000000e-04
267         +8.010000000e-04
268         +8.040000000e-04
269         +8.070000000e-04
270         +8.100000000e-04
271         +8.130000000e-04
272         +8.160000000e-04
273         +8.190000000e-04
274         +8.220000000e-04
275         +8.250000000e-04
276         +8.280000000e-04
277         +8.310000000e-04
278         +8.340000000e-04
279         +8.370000000e-04
280         +8.400000000e-04
281         +8.430000000e-04
282         +8.460000000e-04
283         +8.490000000e-04
284         +8.520000000e-04
285         +8.550000000e-04
286         +8.580000000e-04
287         +8.610000000e-04
288         +8.640000000e-04
289         +8.670000000e-04
290         +8.700000000e-04
291         +8.730000000e-04
292         +8.760000000e-04
293         +8.790000000e-04
294         +8.820000000e-04
295         +8.850000000e-04
296         +8.880000000e-04
297         +8.910000000e-04
298         +8.940000000e-04
299         +8.970000000e-04
300         +9.000000000e-04
301         +9.030000000e-04
302         +9.060000000e-04
303         +9.090000000e-04
304         +9.120000000e-04
305         +9.150000000e-04
306         +9.180000000e-04
307         +9.210000000e-04
308         +9.240000000e-04
309         +9.270000000e-04
310         +9.300000000e-04
311         +9.330000000e-04
312         +9.360000000e-04
313         +9.390000000e-04
314         +9.420000000e-04
315         +9.450000000e-04
316         +9.480000000e-04
317         +9.510000000e-04
318         +9.540000000e-04
319         +9.570000000e-04
320         +9.600000000e-04
321         +9.630000000e-04
322         +9.660000000e-04
323         +9.690000000e-04
324         +9.720000000e-04
325         +9.750000000e-04
326         +9.780000000e-04
327         +9.810000000e-04
328         +9.840000000e-04
329         +9.870000000e-04
330         +9.900000000e-04
331         +9.930000000e-04
332         +9.960000000e-04
333         +9.990000000e-04
334         +1.002000000e-03
335         +1.005000000e-03
336         +1.008000000e-03
337         +1.011000000e-03
338         +1.014000000e-03
339         +1.017000000e-03
340         +1.020000000e-03
341         +1.023000000e-03
342         +1.026000000e-03
343         +1.029000000e-03
344         +1.032000000e-03
345         +1.035000000e-03
346         +1.038000000e-03
347         +1.041000000e-03
348         +1.044000000e-03
349         +1.047000000e-03
350         +1.050000000e-03
351         +1.053000000e-03
352         +1.056000000e-03
353         +1.059000000e-03
354         +1.062000000e-03
355         +1.065000000e-03
356         +1.068000000e-03
357         +1.071000000e-03
358         +1.074000000e-03
359         +1.077000000e-03
360         +1.080000000e-03
361         +1.083000000e-03
362         +1.086000000e-03
363         +1.089000000e-03
364         +1.092000000e-03
365         +1.095000000e-03
366         +1.098000000e-03
367         +1.101000000e-03
368         +1.104000000e-03
369         +1.107000000e-03
370         +1.110000000e-03
371         +1.113000000e-03
372         +1.116000000e-03
373         +1.119000000e-03
374         +1.122000000e-03
375         +1.125000000e-03
376         +1.128000000e-03
377         +1.131000000e-03
378         +1.134000000e-03
379         +1.137000000e-03
380         +1.140000000e-03
381         +1.143000000e-03
382         +1.146000000e-03
383         +1.149000000e-03
384         +1.152000000e-03
385         +1.155000000e-03
386         +1.158000000e-03
387         +1.161000000e-03
388         +1.164000000e-03
389         +1.167000000e-03
390         +1.170000000e-03
391         +1.173000000e-03
392         +1.176000000e-03
393         +1.179000000e-03
394         +1.182000000e-03
395         +1.185000000e-03
396         +1.188000000e-03
397         +1.191000000e-03
398         +1.194000000e-03
399         +1.197000000e-03
400         +1.200000000e-03
401         +1.203000000e-03
402         +1.206000000e-03
403         +1.209000000e-03
404         +1.212000000e-03
405         +1.215000000e-03
406         +1.218000000e-03
407         +1.221000000e-03
408         +1.224000000e-03
409         +1.227000000e-03
410         +1.230000000e-03
411         +1.233000000e-03
412         +1.236000000e-03
413         +1.239000000e-03
414         +1.242000000e-03
415         +1.245000000e-03
416         +1.248000000e-03
417         +1.251000000e-03
418         +1.254000000e-03
419         +1.257000000e-03
420         +1.260000000e-03
421         +1.263000000e-03
422         +1.266000000e-03
423         +1.269000000e-03
424         +1.272000000e-03
425         +1.275000000e-03
426         +1.278000000e-03
427         +1.281000000e-03
428         +1.284000000e-03
429         +1.287000000e-03
430         +1.290000000e-03
431         +1.293000000e-03
432         +1.296000000e-03
433         +1.299000000e-03
434         +1.302000000e-03
435         +1.305000000e-03
436         +1.308000000e-03
437         +1.311000000e-03
438         +1.314000000e-03
439         +1.317000000e-03
440         +1.320000000e-03
441         +1.323000000e-03
442         +1.326000000e-03
443         +1.329000000e-03
444         +1.332000000e-03
445         +1.335000000e-03
446         +1.338000000e-03
447         +1.341000000e-03
448         +1.344000000e-03
449         +1.347000000e-03
450         +1.350000000e-03
451         +1.353000000e-03
452         +1.356000000e-03
453         +1.359000000e-03
454         +1.362000000e-03
455         +1.365000000e-03
456         +1.368000000e-03
457         +1.371000000e-03
458         +1.374000000e-03
459         +1.377000000e-03
460         +1.380000000e-03
461         +1.383000000e-03
462         +1.386000000e-03
463         +1.389000000e-03
464         +1.392000000e-03
465         +1.395000000e-03
466         +1.398000000e-03
467         +1.401000000e-03
468         +1.404000000e-03
469         +1.407000000e-03
470         +1.410000000e-03
471         +1.413000000e-03
472         +1.416000000e-03
473         +1.419000000e-03
474         +1.422000000e-03
475         +1.425000000e-03
476         +1.428000000e-03
477         +1.431000000e-03
478         +1.434000000e-03
479         +1.437000000e-03
480         +1.440000000e-03
481         +1.443000000e-03
482         +1.446000000e-03
483         +1.449000000e-03
484         +1.452000000e-03
485         +1.455000000e-03
486         +1.458000000e-03
487         +1.461000000e-03
488         +1.464000000e-03
489         +1.467000000e-03
490         +1.470000000e-03
491         +1.473000000e-03
492         +1.476000000e-03
493         +1.479000000e-03
494         +1.482000000e-03
495         +1.485000000e-03
496         +1.488000000e-03
497         +1.491000000e-03
498         +1.494000000e-03
499         +1.497000000e-03
500         +1.500000000e-03
501         +1.503000000e-03
502         +1.506000000e-03
503         +1.509000000e-03
504         +1.512000000e-03
505         +1.515000000e-03
506         +1.518000000e-03
507         +1.521000000e-03
508         +1.524000000e-03
509         +1.527000000e-03
510         +1.530000000e-03
511         +1.533000000e-03
512         +1.536000000e-03
513         +1.539000000e-03
514         +1.542000000e-03
515         +1.545000000e-03
516         +1.548000000e-03
517         +1.551000000e-03
518         +1.554000000e-03
519         +1.557000000e-03
520         +1.560000000e-03
521         +1.563000000e-03
522         +1.566000000e-03
523         +1.569000000e-03
524         +1.572000000e-03
525         +1.575000000e-03
526         +1.578000000e-03
527         +1.581000000e-03
528         +1.584000000e-03
529         +1.587000000e-03
530         +1.590000000e-03
531         +1.593000000e-03
532         +1.596000000e-03
533         +1.599000000e-03
534         +1.602000000e-03
535         +1.605000000e-03
536         +1.608000000e-03
537         +1.611000000e-03
538         +1.614000000e-03
539         +1.617000000e-03
540         +1.620000000e-03
541         +1.623000000e-03
542         +1.626000000e-03
543         +1.629000000e-03
544         +1.632000000e-03
545         +1.635000000e-03
546         +1.638000000e-03
547         +1.641000000e-03
548         +1.644000000e-03
549         +1.647000000e-03
550         +1.650000000e-03
551         +1.653000000e-03
552         +1.656000000e-03
553         +1.659000000e-03
554         +1.662000000e-03
555         +1.665000000e-03
556         +1.668000000e-03
557         +1.671000000e-03
558         +1.674000000e-03
559         +1.677000000e-03
560         +1.680000000e-03
561         +1.683000000e-03
562         +1.686000000e-03
563         +1.689000000e-03
564         +1.692000000e-03
565         +1.695000000e-03
566         +1.698000000e-03
567         +1.701000000e-03
568         +1.704000000e-03
569         +1.707000000e-03
570         +1.710000000e-03
571         +1.713000000e-03
572         +1.716000000e-03
573         +1.719000000e-03
574         +1.722000000e-03
575         +1.725000000e-03
576         +1.728000000e-03
577         +1.731000000e-03
578         +1.734000000e-03
579         +1.737000000e-03
580         +1.740000000e-03
581         +1.743000000e-03
582         +1.746000000e-03
583         +1.749000000e-03
584         +1.752000000e-03
585         +1.755000000e-03
586         +1.758000000e-03
587         +1.761000000e-03
588         +1.764000000e-03
589         +1.767000000e-03
590         +1.770000000e-03
591         +1.773000000e-03
592         +1.776000000e-03
593         +1.779000000e-03
594         +1.782000000e-03
595         +1.785000000e-03
596         +1.788000000e-03
597         +1.791000000e-03
598         +1.794000000e-03
599         +1.797000000e-03
600         +1.800000000e-03
601         +1.803000000e-03
602         +1.806000000e-03
603         +1.809000000e-03
604         +1.812000000e-03
605         +1.815000000e-03
606         +1.818000000e-03
607         +1.821000000e-03
608         +1.824000000e-03
609         +1.827000000e-03
610         +1.830000000e-03
611         +1.833000000e-03
612         +1.836000000e-03
613         +1.839000000e-03
614         +1.842000000e-03
615         +1.845000000e-03
616         +1.848000000e-03
617         +1.851000000e-03
618         +1.854000000e-03
619         +1.857000000e-03
620         +1.860000000e-03
621         +1.863000000e-03
622         +1.866000000e-03
623         +1.869000000e-03
624         +1.872000000e-03
625         +1.875000000e-03
626         +1.878000000e-03
627         +1.881000000e-03
628         +1.884000000e-03
629         +1.887000000e-03
630         +1.890000000e-03
631         +1.893000000e-03
632         +1.896000000e-03
633         +1.899000000e-03
634         +1.902000000e-03
635         +1.905000000e-03
636         +1.908000000e-03
637         +1.911000000e-03
638         +1.914000000e-03
639         +1.917000000e-03
640         +1.920000000e-03
641         +1.923000000e-03
642         +1.926000000e-03
643         +1.929000000e-03
644         +1.932000000e-03
645         +1.935000000e-03
646         +1.938000000e-03
647         +1.941000000e-03
648         +1.944000000e-03
649         +1.947000000e-03
650         +1.950000000e-03
651         +1.953000000e-03
652         +1.956000000e-03
653         +1.959000000e-03
654         +1.962000000e-03
655         +1.965000000e-03
656         +1.968000000e-03
657         +1.971000000e-03
658         +1.974000000e-03
659         +1.977000000e-03
660         +1.980000000e-03
661         +1.983000000e-03
662         +1.986000000e-03
663         +1.989000000e-03
664         +1.992000000e-03
665         +1.995000000e-03
666         +1.998000000e-03
667         +2.001000000e-03
668         +2.004000000e-03
669         +2.007000000e-03
670         +2.010000000e-03
671         +2.013000000e-03
672         +2.016000000e-03
673         +2.019000000e-03
674         +2.022000000e-03
675         +2.025000000e-03
676         +2.028000000e-03
677         +2.031000000e-03
678         +2.034000000e-03
679         +2.037000000e-03
680         +2.040000000e-03
681         +2.043000000e-03
682         +2.046000000e-03
683         +2.049000000e-03
684         +2.052000000e-03
685         +2.055000000e-03
686         +2.058000000e-03
687         +2.061000000e-03
688         +2.064000000e-03
689         +2.067000000e-03
690         +2.070000000e-03
691         +2.073000000e-03
692         +2.076000000e-03
693         +2.079000000e-03
694         +2.082000000e-03
695         +2.085000000e-03
696         +2.088000000e-03
697         +2.091000000e-03
698         +2.094000000e-03
699         +2.097000000e-03
700         +2.100000000e-03
701         +2.103000000e-03
702         +2.106000000e-03
703         +2.109000000e-03
704         +2.112000000e-03
705         +2.115000000e-03
706         +2.118000000e-03
707         +2.121000000e-03
708         +2.124000000e-03
709         +2.127000000e-03
710         +2.130000000e-03
711         +2.133000000e-03
712         +2.136000000e-03
713         +2.139000000e-03
714         +2.142000000e-03
715         +2.145000000e-03
716         +2.148000000e-03
717         +2.151000000e-03
718         +2.154000000e-03
719         +2.157000000e-03
720         +2.160000000e-03
721         +2.163000000e-03
722         +2.166000000e-03
723         +2.169000000e-03
724         +2.172000000e-03
725         +2.175000000e-03
726         +2.178000000e-03
727         +2.181000000e-03
728         +2.184000000e-03
729         +2.187000000e-03
730         +2.190000000e-03
731         +2.193000000e-03
732         +2.196000000e-03
733         +2.199000000e-03
734         +2.202000000e-03
735         +2.205000000e-03
736         +2.208000000e-03
737         +2.211000000e-03
738         +2.214000000e-03
739         +2.217000000e-03
740         +2.220000000e-03
741         +2.223000000e-03
742         +2.226000000e-03
743         +2.229000000e-03
744         +2.232000000e-03
745         +2.235000000e-03
746         +2.238000000e-03
747         +2.241000000e-03
748         +2.244000000e-03
749         +2.247000000e-03
750         +2.250000000e-03
751         +2.253000000e-03
752         +2.256000000e-03
753         +2.259000000e-03
754         +2.262000000e-03
755         +2.265000000e-03
756         +2.268000000e-03
757         +2.271000000e-03
758         +2.274000000e-03
759         +2.277000000e-03
760         +2.280000000e-03
761         +2.283000000e-03
762         +2.286000000e-03
763         +2.289000000e-03
764         +2.292000000e-03
765         +2.295000000e-03
766         +2.298000000e-03
767         +2.301000000e-03
768         +2.304000000e-03
769         +2.307000000e-03
770         +2.310000000e-03
771         +2.313000000e-03
772         +2.316000000e-03
773         +2.319000000e-03
774         +2.322000000e-03
775         +2.325000000e-03
776         +2.328000000e-03
777         +2.331000000e-03
778         +2.334000000e-03
779         +2.337000000e-03
780         +2.340000000e-03
781         +2.343000000e-03
782         +2.346000000e-03
783         +2.349000000e-03
784         +2.352000000e-03
785         +2.355000000e-03
786         +2.358000000e-03
787         +2.361000000e-03
788         +2.364000000e-03
789         +2.367000000e-03
790         +2.370000000e-03
791         +2.373000000e-03
792         +2.376000000e-03
793         +2.379000000e-03
794         +2.382000000e-03
795         +2.385000000e-03
796         +2.388000000e-03
797         +2.391000000e-03
798         +2.394000000e-03
799         +2.397000000e-03
800         +2.400000000e-03
801         +2.403000000e-03
802         +2.406000000e-03
803         +2.409000000e-03
804         +2.412000000e-03
805         +2.415000000e-03
806         +2.418000000e-03
807         +2.421000000e-03
808         +2.424000000e-03
809         +2.427000000e-03
810         +2.430000000e-03
811         +2.431500000e-03
812         +2.433000000e-03
813         +2.434500000e-03
814         +2.436000000e-03
815         +2.437500000e-03
816         +2.439000000e-03
817         +2.440500000e-03
818         +2.442000000e-03
819         +2.443500000e-03
820         +2.445000000e-03
821         +2.446500000e-03
822         +2.448000000e-03
823         +2.449500000e-03
824         +2.451000000e-03
825         +2.452500000e-03
826         +2.454000000e-03
827         +2.455500000e-03
828         +2.457000000e-03
829         +2.458500000e-03
830         +2.460000000e-03
831         +2.461500000e-03
832         +2.463000000e-03
833         +2.464500000e-03
834         +2.466000000e-03
835         +2.467500000e-03
836         +2.469000000e-03
837         +2.470500000e-03
