Maillage : coordonnées initiales des noeuds
Node Number    Coordonnée x [m]     Coordonnée y [m]     Coordonnée z [m]
0         +0.000000000e+00
1         +2.497502498e-05
2         +4.995004995e-05
3         +7.492507493e-05
4         +9.990009990e-05
5         +1.248751249e-04
6         +1.498501499e-04
7         +1.748251748e-04
8         +1.998001998e-04
9         +2.247752248e-04
10         +2.497502498e-04
11         +2.747252747e-04
12         +2.997002997e-04
13         +3.246753247e-04
14         +3.496503497e-04
15         +3.746253746e-04
16         +3.996003996e-04
17         +4.245754246e-04
18         +4.495504496e-04
19         +4.745254745e-04
20         +4.995004995e-04
21         +5.244755245e-04
22         +5.494505495e-04
23         +5.744255744e-04
24         +5.994005994e-04
25         +6.243756244e-04
26         +6.493506494e-04
27         +6.743256743e-04
28         +6.993006993e-04
29         +7.242757243e-04
30         +7.492507493e-04
31         +7.742257742e-04
32         +7.992007992e-04
33         +8.241758242e-04
34         +8.491508492e-04
35         +8.741258741e-04
36         +8.991008991e-04
37         +9.240759241e-04
38         +9.490509491e-04
39         +9.740259740e-04
40         +9.990009990e-04
41         +1.023976024e-03
42         +1.048951049e-03
43         +1.073926074e-03
44         +1.098901099e-03
45         +1.123876124e-03
46         +1.148851149e-03
47         +1.173826174e-03
48         +1.198801199e-03
49         +1.223776224e-03
50         +1.248751249e-03
51         +1.273726274e-03
52         +1.298701299e-03
53         +1.323676324e-03
54         +1.348651349e-03
55         +1.373626374e-03
56         +1.398601399e-03
57         +1.423576424e-03
58         +1.448551449e-03
59         +1.473526474e-03
60         +1.498501499e-03
61         +1.523476523e-03
62         +1.548451548e-03
63         +1.573426573e-03
64         +1.598401598e-03
65         +1.623376623e-03
66         +1.648351648e-03
67         +1.673326673e-03
68         +1.698301698e-03
69         +1.723276723e-03
70         +1.748251748e-03
71         +1.773226773e-03
72         +1.798201798e-03
73         +1.823176823e-03
74         +1.848151848e-03
75         +1.873126873e-03
76         +1.898101898e-03
77         +1.923076923e-03
78         +1.948051948e-03
79         +1.973026973e-03
80         +1.998001998e-03
81         +2.022977023e-03
82         +2.047952048e-03
83         +2.072927073e-03
84         +2.097902098e-03
85         +2.122877123e-03
86         +2.147852148e-03
87         +2.172827173e-03
88         +2.197802198e-03
89         +2.222777223e-03
90         +2.247752248e-03
91         +2.272727273e-03
92         +2.297702298e-03
93         +2.322677323e-03
94         +2.347652348e-03
95         +2.372627373e-03
96         +2.397602398e-03
97         +2.422577423e-03
98         +2.447552448e-03
99         +2.472527473e-03
100         +2.497502498e-03
101         +2.522477522e-03
102         +2.547452547e-03
103         +2.572427572e-03
104         +2.597402597e-03
105         +2.622377622e-03
106         +2.647352647e-03
107         +2.672327672e-03
108         +2.697302697e-03
109         +2.722277722e-03
110         +2.747252747e-03
111         +2.772227772e-03
112         +2.797202797e-03
113         +2.822177822e-03
114         +2.847152847e-03
115         +2.872127872e-03
116         +2.897102897e-03
117         +2.922077922e-03
118         +2.947052947e-03
119         +2.972027972e-03
120         +2.997002997e-03
121         +3.021978022e-03
122         +3.046953047e-03
123         +3.071928072e-03
124         +3.096903097e-03
125         +3.121878122e-03
126         +3.146853147e-03
127         +3.171828172e-03
128         +3.196803197e-03
129         +3.221778222e-03
130         +3.246753247e-03
131         +3.271728272e-03
132         +3.296703297e-03
133         +3.321678322e-03
134         +3.346653347e-03
135         +3.371628372e-03
136         +3.396603397e-03
137         +3.421578422e-03
138         +3.446553447e-03
139         +3.471528472e-03
140         +3.496503497e-03
141         +3.521478521e-03
142         +3.546453546e-03
143         +3.571428571e-03
144         +3.596403596e-03
145         +3.621378621e-03
146         +3.646353646e-03
147         +3.671328671e-03
148         +3.696303696e-03
149         +3.721278721e-03
150         +3.746253746e-03
151         +3.771228771e-03
152         +3.796203796e-03
153         +3.821178821e-03
154         +3.846153846e-03
155         +3.871128871e-03
156         +3.896103896e-03
157         +3.921078921e-03
158         +3.946053946e-03
159         +3.971028971e-03
160         +3.996003996e-03
161         +4.020979021e-03
162         +4.045954046e-03
163         +4.070929071e-03
164         +4.095904096e-03
165         +4.120879121e-03
166         +4.145854146e-03
167         +4.170829171e-03
168         +4.195804196e-03
169         +4.220779221e-03
170         +4.245754246e-03
171         +4.270729271e-03
172         +4.295704296e-03
173         +4.320679321e-03
174         +4.345654346e-03
175         +4.370629371e-03
176         +4.395604396e-03
177         +4.420579421e-03
178         +4.445554446e-03
179         +4.470529471e-03
180         +4.495504496e-03
181         +4.520479520e-03
182         +4.545454545e-03
183         +4.570429570e-03
184         +4.595404595e-03
185         +4.620379620e-03
186         +4.645354645e-03
187         +4.670329670e-03
188         +4.695304695e-03
189         +4.720279720e-03
190         +4.745254745e-03
191         +4.770229770e-03
192         +4.795204795e-03
193         +4.820179820e-03
194         +4.845154845e-03
195         +4.870129870e-03
196         +4.895104895e-03
197         +4.920079920e-03
198         +4.945054945e-03
199         +4.970029970e-03
200         +4.995004995e-03
201         +5.019980020e-03
202         +5.044955045e-03
203         +5.069930070e-03
204         +5.094905095e-03
205         +5.119880120e-03
206         +5.144855145e-03
207         +5.169830170e-03
208         +5.194805195e-03
209         +5.219780220e-03
210         +5.244755245e-03
211         +5.269730270e-03
212         +5.294705295e-03
213         +5.319680320e-03
214         +5.344655345e-03
215         +5.369630370e-03
216         +5.394605395e-03
217         +5.419580420e-03
218         +5.444555445e-03
219         +5.469530470e-03
220         +5.494505495e-03
221         +5.519480519e-03
222         +5.544455544e-03
223         +5.569430569e-03
224         +5.594405594e-03
225         +5.619380619e-03
226         +5.644355644e-03
227         +5.669330669e-03
228         +5.694305694e-03
229         +5.719280719e-03
230         +5.744255744e-03
231         +5.769230769e-03
232         +5.794205794e-03
233         +5.819180819e-03
234         +5.844155844e-03
235         +5.869130869e-03
236         +5.894105894e-03
237         +5.919080919e-03
238         +5.944055944e-03
239         +5.969030969e-03
240         +5.994005994e-03
241         +6.018981019e-03
242         +6.043956044e-03
243         +6.068931069e-03
244         +6.093906094e-03
245         +6.118881119e-03
246         +6.143856144e-03
247         +6.168831169e-03
248         +6.193806194e-03
249         +6.218781219e-03
250         +6.243756244e-03
251         +6.268731269e-03
252         +6.293706294e-03
253         +6.318681319e-03
254         +6.343656344e-03
255         +6.368631369e-03
256         +6.393606394e-03
257         +6.418581419e-03
258         +6.443556444e-03
259         +6.468531469e-03
260         +6.493506494e-03
261         +6.518481518e-03
262         +6.543456543e-03
263         +6.568431568e-03
264         +6.593406593e-03
265         +6.618381618e-03
266         +6.643356643e-03
267         +6.668331668e-03
268         +6.693306693e-03
269         +6.718281718e-03
270         +6.743256743e-03
271         +6.768231768e-03
272         +6.793206793e-03
273         +6.818181818e-03
274         +6.843156843e-03
275         +6.868131868e-03
276         +6.893106893e-03
277         +6.918081918e-03
278         +6.943056943e-03
279         +6.968031968e-03
280         +6.993006993e-03
281         +7.017982018e-03
282         +7.042957043e-03
283         +7.067932068e-03
284         +7.092907093e-03
285         +7.117882118e-03
286         +7.142857143e-03
287         +7.167832168e-03
288         +7.192807193e-03
289         +7.217782218e-03
290         +7.242757243e-03
291         +7.267732268e-03
292         +7.292707293e-03
293         +7.317682318e-03
294         +7.342657343e-03
295         +7.367632368e-03
296         +7.392607393e-03
297         +7.417582418e-03
298         +7.442557443e-03
299         +7.467532468e-03
300         +7.492507493e-03
301         +7.517482517e-03
302         +7.542457542e-03
303         +7.567432567e-03
304         +7.592407592e-03
305         +7.617382617e-03
306         +7.642357642e-03
307         +7.667332667e-03
308         +7.692307692e-03
309         +7.717282717e-03
310         +7.742257742e-03
311         +7.767232767e-03
312         +7.792207792e-03
313         +7.817182817e-03
314         +7.842157842e-03
315         +7.867132867e-03
316         +7.892107892e-03
317         +7.917082917e-03
318         +7.942057942e-03
319         +7.967032967e-03
320         +7.992007992e-03
321         +8.016983017e-03
322         +8.041958042e-03
323         +8.066933067e-03
324         +8.091908092e-03
325         +8.116883117e-03
326         +8.141858142e-03
327         +8.166833167e-03
328         +8.191808192e-03
329         +8.216783217e-03
330         +8.241758242e-03
331         +8.266733267e-03
332         +8.291708292e-03
333         +8.316683317e-03
334         +8.341658342e-03
335         +8.366633367e-03
336         +8.391608392e-03
337         +8.416583417e-03
338         +8.441558442e-03
339         +8.466533467e-03
340         +8.491508492e-03
341         +8.516483516e-03
342         +8.541458541e-03
343         +8.566433566e-03
344         +8.591408591e-03
345         +8.616383616e-03
346         +8.641358641e-03
347         +8.666333666e-03
348         +8.691308691e-03
349         +8.716283716e-03
350         +8.741258741e-03
351         +8.766233766e-03
352         +8.791208791e-03
353         +8.816183816e-03
354         +8.841158841e-03
355         +8.866133866e-03
356         +8.891108891e-03
357         +8.916083916e-03
358         +8.941058941e-03
359         +8.966033966e-03
360         +8.991008991e-03
361         +9.015984016e-03
362         +9.040959041e-03
363         +9.065934066e-03
364         +9.090909091e-03
365         +9.115884116e-03
366         +9.140859141e-03
367         +9.165834166e-03
368         +9.190809191e-03
369         +9.215784216e-03
370         +9.240759241e-03
371         +9.265734266e-03
372         +9.290709291e-03
373         +9.315684316e-03
374         +9.340659341e-03
375         +9.365634366e-03
376         +9.390609391e-03
377         +9.415584416e-03
378         +9.440559441e-03
379         +9.465534466e-03
380         +9.490509491e-03
381         +9.515484515e-03
382         +9.540459540e-03
383         +9.565434565e-03
384         +9.590409590e-03
385         +9.615384615e-03
386         +9.640359640e-03
387         +9.665334665e-03
388         +9.690309690e-03
389         +9.715284715e-03
390         +9.740259740e-03
391         +9.765234765e-03
392         +9.790209790e-03
393         +9.815184815e-03
394         +9.840159840e-03
395         +9.865134865e-03
396         +9.890109890e-03
397         +9.915084915e-03
398         +9.940059940e-03
399         +9.965034965e-03
400         +9.990009990e-03
401         +1.001498501e-02
402         +1.003996004e-02
403         +1.006493506e-02
404         +1.008991009e-02
405         +1.011488511e-02
406         +1.013986014e-02
407         +1.016483516e-02
408         +1.018981019e-02
409         +1.021478521e-02
410         +1.023976024e-02
411         +1.026473526e-02
412         +1.028971029e-02
413         +1.031468531e-02
414         +1.033966034e-02
415         +1.036463536e-02
416         +1.038961039e-02
417         +1.041458541e-02
418         +1.043956044e-02
419         +1.046453546e-02
420         +1.048951049e-02
421         +1.051448551e-02
422         +1.053946054e-02
423         +1.056443556e-02
424         +1.058941059e-02
425         +1.061438561e-02
426         +1.063936064e-02
427         +1.066433566e-02
428         +1.068931069e-02
429         +1.071428571e-02
430         +1.073926074e-02
431         +1.076423576e-02
432         +1.078921079e-02
433         +1.081418581e-02
434         +1.083916084e-02
435         +1.086413586e-02
436         +1.088911089e-02
437         +1.091408591e-02
438         +1.093906094e-02
439         +1.096403596e-02
440         +1.098901099e-02
441         +1.101398601e-02
442         +1.103896104e-02
443         +1.106393606e-02
444         +1.108891109e-02
445         +1.111388611e-02
446         +1.113886114e-02
447         +1.116383616e-02
448         +1.118881119e-02
449         +1.121378621e-02
450         +1.123876124e-02
451         +1.126373626e-02
452         +1.128871129e-02
453         +1.131368631e-02
454         +1.133866134e-02
455         +1.136363636e-02
456         +1.138861139e-02
457         +1.141358641e-02
458         +1.143856144e-02
459         +1.146353646e-02
460         +1.148851149e-02
461         +1.151348651e-02
462         +1.153846154e-02
463         +1.156343656e-02
464         +1.158841159e-02
465         +1.161338661e-02
466         +1.163836164e-02
467         +1.166333666e-02
468         +1.168831169e-02
469         +1.171328671e-02
470         +1.173826174e-02
471         +1.176323676e-02
472         +1.178821179e-02
473         +1.181318681e-02
474         +1.183816184e-02
475         +1.186313686e-02
476         +1.188811189e-02
477         +1.191308691e-02
478         +1.193806194e-02
479         +1.196303696e-02
480         +1.198801199e-02
481         +1.201298701e-02
482         +1.203796204e-02
483         +1.206293706e-02
484         +1.208791209e-02
485         +1.211288711e-02
486         +1.213786214e-02
487         +1.216283716e-02
488         +1.218781219e-02
489         +1.221278721e-02
490         +1.223776224e-02
491         +1.226273726e-02
492         +1.228771229e-02
493         +1.231268731e-02
494         +1.233766234e-02
495         +1.236263736e-02
496         +1.238761239e-02
497         +1.241258741e-02
498         +1.243756244e-02
499         +1.246253746e-02
500         +1.248751249e-02
501         +1.251248751e-02
502         +1.253746254e-02
503         +1.256243756e-02
504         +1.258741259e-02
505         +1.261238761e-02
506         +1.263736264e-02
507         +1.266233766e-02
508         +1.268731269e-02
509         +1.271228771e-02
510         +1.273726274e-02
511         +1.276223776e-02
512         +1.278721279e-02
513         +1.281218781e-02
514         +1.283716284e-02
515         +1.286213786e-02
516         +1.288711289e-02
517         +1.291208791e-02
518         +1.293706294e-02
519         +1.296203796e-02
520         +1.298701299e-02
521         +1.301198801e-02
522         +1.303696304e-02
523         +1.306193806e-02
524         +1.308691309e-02
525         +1.311188811e-02
526         +1.313686314e-02
527         +1.316183816e-02
528         +1.318681319e-02
529         +1.321178821e-02
530         +1.323676324e-02
531         +1.326173826e-02
532         +1.328671329e-02
533         +1.331168831e-02
534         +1.333666334e-02
535         +1.336163836e-02
536         +1.338661339e-02
537         +1.341158841e-02
538         +1.343656344e-02
539         +1.346153846e-02
540         +1.348651349e-02
541         +1.351148851e-02
542         +1.353646354e-02
543         +1.356143856e-02
544         +1.358641359e-02
545         +1.361138861e-02
546         +1.363636364e-02
547         +1.366133866e-02
548         +1.368631369e-02
549         +1.371128871e-02
550         +1.373626374e-02
551         +1.376123876e-02
552         +1.378621379e-02
553         +1.381118881e-02
554         +1.383616384e-02
555         +1.386113886e-02
556         +1.388611389e-02
557         +1.391108891e-02
558         +1.393606394e-02
559         +1.396103896e-02
560         +1.398601399e-02
561         +1.401098901e-02
562         +1.403596404e-02
563         +1.406093906e-02
564         +1.408591409e-02
565         +1.411088911e-02
566         +1.413586414e-02
567         +1.416083916e-02
568         +1.418581419e-02
569         +1.421078921e-02
570         +1.423576424e-02
571         +1.426073926e-02
572         +1.428571429e-02
573         +1.431068931e-02
574         +1.433566434e-02
575         +1.436063936e-02
576         +1.438561439e-02
577         +1.441058941e-02
578         +1.443556444e-02
579         +1.446053946e-02
580         +1.448551449e-02
581         +1.451048951e-02
582         +1.453546454e-02
583         +1.456043956e-02
584         +1.458541459e-02
585         +1.461038961e-02
586         +1.463536464e-02
587         +1.466033966e-02
588         +1.468531469e-02
589         +1.471028971e-02
590         +1.473526474e-02
591         +1.476023976e-02
592         +1.478521479e-02
593         +1.481018981e-02
594         +1.483516484e-02
595         +1.486013986e-02
596         +1.488511489e-02
597         +1.491008991e-02
598         +1.493506494e-02
599         +1.496003996e-02
600         +1.498501499e-02
601         +1.500999001e-02
602         +1.503496503e-02
603         +1.505994006e-02
604         +1.508491508e-02
605         +1.510989011e-02
606         +1.513486513e-02
607         +1.515984016e-02
608         +1.518481518e-02
609         +1.520979021e-02
610         +1.523476523e-02
611         +1.525974026e-02
612         +1.528471528e-02
613         +1.530969031e-02
614         +1.533466533e-02
615         +1.535964036e-02
616         +1.538461538e-02
617         +1.540959041e-02
618         +1.543456543e-02
619         +1.545954046e-02
620         +1.548451548e-02
621         +1.550949051e-02
622         +1.553446553e-02
623         +1.555944056e-02
624         +1.558441558e-02
625         +1.560939061e-02
626         +1.563436563e-02
627         +1.565934066e-02
628         +1.568431568e-02
629         +1.570929071e-02
630         +1.573426573e-02
631         +1.575924076e-02
632         +1.578421578e-02
633         +1.580919081e-02
634         +1.583416583e-02
635         +1.585914086e-02
636         +1.588411588e-02
637         +1.590909091e-02
638         +1.593406593e-02
639         +1.595904096e-02
640         +1.598401598e-02
641         +1.600899101e-02
642         +1.603396603e-02
643         +1.605894106e-02
644         +1.608391608e-02
645         +1.610889111e-02
646         +1.613386613e-02
647         +1.615884116e-02
648         +1.618381618e-02
649         +1.620879121e-02
650         +1.623376623e-02
651         +1.625874126e-02
652         +1.628371628e-02
653         +1.630869131e-02
654         +1.633366633e-02
655         +1.635864136e-02
656         +1.638361638e-02
657         +1.640859141e-02
658         +1.643356643e-02
659         +1.645854146e-02
660         +1.648351648e-02
661         +1.650849151e-02
662         +1.653346653e-02
663         +1.655844156e-02
664         +1.658341658e-02
665         +1.660839161e-02
666         +1.663336663e-02
667         +1.665834166e-02
668         +1.668331668e-02
669         +1.670829171e-02
670         +1.673326673e-02
671         +1.675824176e-02
672         +1.678321678e-02
673         +1.680819181e-02
674         +1.683316683e-02
675         +1.685814186e-02
676         +1.688311688e-02
677         +1.690809191e-02
678         +1.693306693e-02
679         +1.695804196e-02
680         +1.698301698e-02
681         +1.700799201e-02
682         +1.703296703e-02
683         +1.705794206e-02
684         +1.708291708e-02
685         +1.710789211e-02
686         +1.713286713e-02
687         +1.715784216e-02
688         +1.718281718e-02
689         +1.720779221e-02
690         +1.723276723e-02
691         +1.725774226e-02
692         +1.728271728e-02
693         +1.730769231e-02
694         +1.733266733e-02
695         +1.735764236e-02
696         +1.738261738e-02
697         +1.740759241e-02
698         +1.743256743e-02
699         +1.745754246e-02
700         +1.748251748e-02
701         +1.750749251e-02
702         +1.753246753e-02
703         +1.755744256e-02
704         +1.758241758e-02
705         +1.760739261e-02
706         +1.763236763e-02
707         +1.765734266e-02
708         +1.768231768e-02
709         +1.770729271e-02
710         +1.773226773e-02
711         +1.775724276e-02
712         +1.778221778e-02
713         +1.780719281e-02
714         +1.783216783e-02
715         +1.785714286e-02
716         +1.788211788e-02
717         +1.790709291e-02
718         +1.793206793e-02
719         +1.795704296e-02
720         +1.798201798e-02
721         +1.800699301e-02
722         +1.803196803e-02
723         +1.805694306e-02
724         +1.808191808e-02
725         +1.810689311e-02
726         +1.813186813e-02
727         +1.815684316e-02
728         +1.818181818e-02
729         +1.820679321e-02
730         +1.823176823e-02
731         +1.825674326e-02
732         +1.828171828e-02
733         +1.830669331e-02
734         +1.833166833e-02
735         +1.835664336e-02
736         +1.838161838e-02
737         +1.840659341e-02
738         +1.843156843e-02
739         +1.845654346e-02
740         +1.848151848e-02
741         +1.850649351e-02
742         +1.853146853e-02
743         +1.855644356e-02
744         +1.858141858e-02
745         +1.860639361e-02
746         +1.863136863e-02
747         +1.865634366e-02
748         +1.868131868e-02
749         +1.870629371e-02
750         +1.873126873e-02
751         +1.875624376e-02
752         +1.878121878e-02
753         +1.880619381e-02
754         +1.883116883e-02
755         +1.885614386e-02
756         +1.888111888e-02
757         +1.890609391e-02
758         +1.893106893e-02
759         +1.895604396e-02
760         +1.898101898e-02
761         +1.900599401e-02
762         +1.903096903e-02
763         +1.905594406e-02
764         +1.908091908e-02
765         +1.910589411e-02
766         +1.913086913e-02
767         +1.915584416e-02
768         +1.918081918e-02
769         +1.920579421e-02
770         +1.923076923e-02
771         +1.925574426e-02
772         +1.928071928e-02
773         +1.930569431e-02
774         +1.933066933e-02
775         +1.935564436e-02
776         +1.938061938e-02
777         +1.940559441e-02
778         +1.943056943e-02
779         +1.945554446e-02
780         +1.948051948e-02
781         +1.950549451e-02
782         +1.953046953e-02
783         +1.955544456e-02
784         +1.958041958e-02
785         +1.960539461e-02
786         +1.963036963e-02
787         +1.965534466e-02
788         +1.968031968e-02
789         +1.970529471e-02
790         +1.973026973e-02
791         +1.975524476e-02
792         +1.978021978e-02
793         +1.980519481e-02
794         +1.983016983e-02
795         +1.985514486e-02
796         +1.988011988e-02
797         +1.990509491e-02
798         +1.993006993e-02
799         +1.995504496e-02
800         +1.998001998e-02
801         +2.000499500e-02
802         +2.002997003e-02
803         +2.005494505e-02
804         +2.007992008e-02
805         +2.010489510e-02
806         +2.012987013e-02
807         +2.015484515e-02
808         +2.017982018e-02
809         +2.020479520e-02
810         +2.022977023e-02
811         +2.025474525e-02
812         +2.027972028e-02
813         +2.030469530e-02
814         +2.032967033e-02
815         +2.035464535e-02
816         +2.037962038e-02
817         +2.040459540e-02
818         +2.042957043e-02
819         +2.045454545e-02
820         +2.047952048e-02
821         +2.050449550e-02
822         +2.052947053e-02
823         +2.055444555e-02
824         +2.057942058e-02
825         +2.060439560e-02
826         +2.062937063e-02
827         +2.065434565e-02
828         +2.067932068e-02
829         +2.070429570e-02
830         +2.072927073e-02
831         +2.075424575e-02
832         +2.077922078e-02
833         +2.080419580e-02
834         +2.082917083e-02
835         +2.085414585e-02
836         +2.087912088e-02
837         +2.090409590e-02
838         +2.092907093e-02
839         +2.095404595e-02
840         +2.097902098e-02
841         +2.100399600e-02
842         +2.102897103e-02
843         +2.105394605e-02
844         +2.107892108e-02
845         +2.110389610e-02
846         +2.112887113e-02
847         +2.115384615e-02
848         +2.117882118e-02
849         +2.120379620e-02
850         +2.122877123e-02
851         +2.125374625e-02
852         +2.127872128e-02
853         +2.130369630e-02
854         +2.132867133e-02
855         +2.135364635e-02
856         +2.137862138e-02
857         +2.140359640e-02
858         +2.142857143e-02
859         +2.145354645e-02
860         +2.147852148e-02
861         +2.150349650e-02
862         +2.152847153e-02
863         +2.155344655e-02
864         +2.157842158e-02
865         +2.160339660e-02
866         +2.162837163e-02
867         +2.165334665e-02
868         +2.167832168e-02
869         +2.170329670e-02
870         +2.172827173e-02
871         +2.175324675e-02
872         +2.177822178e-02
873         +2.180319680e-02
874         +2.182817183e-02
875         +2.185314685e-02
876         +2.187812188e-02
877         +2.190309690e-02
878         +2.192807193e-02
879         +2.195304695e-02
880         +2.197802198e-02
881         +2.200299700e-02
882         +2.202797203e-02
883         +2.205294705e-02
884         +2.207792208e-02
885         +2.210289710e-02
886         +2.212787213e-02
887         +2.215284715e-02
888         +2.217782218e-02
889         +2.220279720e-02
890         +2.222777223e-02
891         +2.225274725e-02
892         +2.227772228e-02
893         +2.230269730e-02
894         +2.232767233e-02
895         +2.235264735e-02
896         +2.237762238e-02
897         +2.240259740e-02
898         +2.242757243e-02
899         +2.245254745e-02
900         +2.247752248e-02
901         +2.250249750e-02
902         +2.252747253e-02
903         +2.255244755e-02
904         +2.257742258e-02
905         +2.260239760e-02
906         +2.262737263e-02
907         +2.265234765e-02
908         +2.267732268e-02
909         +2.270229770e-02
910         +2.272727273e-02
911         +2.275224775e-02
912         +2.277722278e-02
913         +2.280219780e-02
914         +2.282717283e-02
915         +2.285214785e-02
916         +2.287712288e-02
917         +2.290209790e-02
918         +2.292707293e-02
919         +2.295204795e-02
920         +2.297702298e-02
921         +2.300199800e-02
922         +2.302697303e-02
923         +2.305194805e-02
924         +2.307692308e-02
925         +2.310189810e-02
926         +2.312687313e-02
927         +2.315184815e-02
928         +2.317682318e-02
929         +2.320179820e-02
930         +2.322677323e-02
931         +2.325174825e-02
932         +2.327672328e-02
933         +2.330169830e-02
934         +2.332667333e-02
935         +2.335164835e-02
936         +2.337662338e-02
937         +2.340159840e-02
938         +2.342657343e-02
939         +2.345154845e-02
940         +2.347652348e-02
941         +2.350149850e-02
942         +2.352647353e-02
943         +2.355144855e-02
944         +2.357642358e-02
945         +2.360139860e-02
946         +2.362637363e-02
947         +2.365134865e-02
948         +2.367632368e-02
949         +2.370129870e-02
950         +2.372627373e-02
951         +2.375124875e-02
952         +2.377622378e-02
953         +2.380119880e-02
954         +2.382617383e-02
955         +2.385114885e-02
956         +2.387612388e-02
957         +2.390109890e-02
958         +2.392607393e-02
959         +2.395104895e-02
960         +2.397602398e-02
961         +2.400099900e-02
962         +2.402597403e-02
963         +2.405094905e-02
964         +2.407592408e-02
965         +2.410089910e-02
966         +2.412587413e-02
967         +2.415084915e-02
968         +2.417582418e-02
969         +2.420079920e-02
970         +2.422577423e-02
971         +2.425074925e-02
972         +2.427572428e-02
973         +2.430069930e-02
974         +2.432567433e-02
975         +2.435064935e-02
976         +2.437562438e-02
977         +2.440059940e-02
978         +2.442557443e-02
979         +2.445054945e-02
980         +2.447552448e-02
981         +2.450049950e-02
982         +2.452547453e-02
983         +2.455044955e-02
984         +2.457542458e-02
985         +2.460039960e-02
986         +2.462537463e-02
987         +2.465034965e-02
988         +2.467532468e-02
989         +2.470029970e-02
990         +2.472527473e-02
991         +2.475024975e-02
992         +2.477522478e-02
993         +2.480019980e-02
994         +2.482517483e-02
995         +2.485014985e-02
996         +2.487512488e-02
997         +2.490009990e-02
998         +2.492507493e-02
999         +2.495004995e-02
1000         +2.497502498e-02
1001         +2.500000000e-02
