Maillage : coordonnées initiales des noeuds
Node Number    Coordonnée x [m]     Coordonnée y [m]     Coordonnée z [m]
0         +0.000000000e+00
1         +8.100000000e-05
2         +1.620000000e-04
3         +2.430000000e-04
4         +3.240000000e-04
5         +4.050000000e-04
6         +4.860000000e-04
7         +5.670000000e-04
8         +6.480000000e-04
9         +7.290000000e-04
10         +8.100000000e-04
11         +8.910000000e-04
12         +9.720000000e-04
13         +1.053000000e-03
14         +1.134000000e-03
15         +1.215000000e-03
16         +1.296000000e-03
17         +1.377000000e-03
18         +1.458000000e-03
19         +1.539000000e-03
20         +1.620000000e-03
21         +1.701000000e-03
22         +1.782000000e-03
23         +1.863000000e-03
24         +1.944000000e-03
25         +2.025000000e-03
26         +2.106000000e-03
27         +2.187000000e-03
28         +2.268000000e-03
29         +2.349000000e-03
30         +2.430000000e-03
31         +2.511000000e-03
32         +2.592000000e-03
33         +2.673000000e-03
34         +2.754000000e-03
35         +2.835000000e-03
36         +2.916000000e-03
37         +2.997000000e-03
38         +3.078000000e-03
39         +3.159000000e-03
40         +3.240000000e-03
41         +3.321000000e-03
42         +3.402000000e-03
43         +3.483000000e-03
44         +3.564000000e-03
45         +3.645000000e-03
46         +3.726000000e-03
47         +3.807000000e-03
48         +3.888000000e-03
49         +3.969000000e-03
50         +4.050000000e-03
51         +4.131000000e-03
52         +4.212000000e-03
53         +4.293000000e-03
54         +4.374000000e-03
55         +4.455000000e-03
56         +4.536000000e-03
57         +4.617000000e-03
58         +4.698000000e-03
59         +4.779000000e-03
60         +4.860000000e-03
61         +4.941000000e-03
