Maillage : coordonnées initiales des noeuds
Node Number    Coordonnée x [m]     Coordonnée y [m]     Coordonnée z [m]
0         +0.000000000e+00
1         +2.497502498e-05
2         +4.995004995e-05
3         +7.492507493e-05
4         +9.990009990e-05
5         +1.248751249e-04
6         +1.498501499e-04
7         +1.748251748e-04
8         +1.998001998e-04
9         +2.247752248e-04
10         +2.497502498e-04
11         +2.747252747e-04
12         +2.997002997e-04
13         +3.246753247e-04
14         +3.496503497e-04
15         +3.746253746e-04
16         +3.996003996e-04
17         +4.245754246e-04
18         +4.495504496e-04
19         +4.745254745e-04
20         +4.995004995e-04
21         +5.244755245e-04
22         +5.494505495e-04
23         +5.744255744e-04
24         +5.994005994e-04
25         +6.243756244e-04
26         +6.493506494e-04
27         +6.743256743e-04
28         +6.993006993e-04
29         +7.242757243e-04
30         +7.492507493e-04
31         +7.742257742e-04
32         +7.992007992e-04
33         +8.241758242e-04
34         +8.491508492e-04
35         +8.741258741e-04
36         +8.991008991e-04
37         +9.240759241e-04
38         +9.490509491e-04
39         +9.740259740e-04
40         +9.990009990e-04
41         +1.023976024e-03
42         +1.048951049e-03
43         +1.073926074e-03
44         +1.098901099e-03
45         +1.123876124e-03
46         +1.148851149e-03
47         +1.173826174e-03
48         +1.198801199e-03
49         +1.223776224e-03
50         +1.248751249e-03
51         +1.273726274e-03
52         +1.298701299e-03
53         +1.323676324e-03
54         +1.348651349e-03
55         +1.373626374e-03
56         +1.398601399e-03
57         +1.423576424e-03
58         +1.448551449e-03
59         +1.473526474e-03
60         +1.498501499e-03
61         +1.523476523e-03
62         +1.548451548e-03
63         +1.573426573e-03
64         +1.598401598e-03
65         +1.623376623e-03
66         +1.648351648e-03
67         +1.673326673e-03
68         +1.698301698e-03
69         +1.723276723e-03
70         +1.748251748e-03
71         +1.773226773e-03
72         +1.798201798e-03
73         +1.823176823e-03
74         +1.848151848e-03
75         +1.873126873e-03
76         +1.898101898e-03
77         +1.923076923e-03
78         +1.948051948e-03
79         +1.973026973e-03
80         +1.998001998e-03
81         +2.022977023e-03
82         +2.047952048e-03
83         +2.072927073e-03
84         +2.097902098e-03
85         +2.122877123e-03
86         +2.147852148e-03
87         +2.172827173e-03
88         +2.197802198e-03
89         +2.222777223e-03
90         +2.247752248e-03
91         +2.272727273e-03
92         +2.297702298e-03
93         +2.322677323e-03
94         +2.347652348e-03
95         +2.372627373e-03
96         +2.397602398e-03
97         +2.422577423e-03
98         +2.447552448e-03
99         +2.472527473e-03
100         +2.497502498e-03
101         +2.522477522e-03
102         +2.547452547e-03
103         +2.572427572e-03
104         +2.597402597e-03
105         +2.622377622e-03
106         +2.647352647e-03
107         +2.672327672e-03
108         +2.697302697e-03
109         +2.722277722e-03
110         +2.747252747e-03
111         +2.772227772e-03
112         +2.797202797e-03
113         +2.822177822e-03
114         +2.847152847e-03
115         +2.872127872e-03
116         +2.897102897e-03
117         +2.922077922e-03
118         +2.947052947e-03
119         +2.972027972e-03
120         +2.997002997e-03
121         +3.021978022e-03
122         +3.046953047e-03
123         +3.071928072e-03
124         +3.096903097e-03
125         +3.121878122e-03
126         +3.146853147e-03
127         +3.171828172e-03
128         +3.196803197e-03
129         +3.221778222e-03
130         +3.246753247e-03
131         +3.271728272e-03
132         +3.296703297e-03
133         +3.321678322e-03
134         +3.346653347e-03
135         +3.371628372e-03
136         +3.396603397e-03
137         +3.421578422e-03
138         +3.446553447e-03
139         +3.471528472e-03
140         +3.496503497e-03
141         +3.521478521e-03
142         +3.546453546e-03
143         +3.571428571e-03
144         +3.596403596e-03
145         +3.621378621e-03
146         +3.646353646e-03
147         +3.671328671e-03
148         +3.696303696e-03
149         +3.721278721e-03
150         +3.746253746e-03
151         +3.771228771e-03
152         +3.796203796e-03
153         +3.821178821e-03
154         +3.846153846e-03
155         +3.871128871e-03
156         +3.896103896e-03
157         +3.921078921e-03
158         +3.946053946e-03
159         +3.971028971e-03
160         +3.996003996e-03
161         +4.020979021e-03
162         +4.045954046e-03
163         +4.070929071e-03
164         +4.095904096e-03
165         +4.120879121e-03
166         +4.145854146e-03
167         +4.170829171e-03
168         +4.195804196e-03
169         +4.220779221e-03
170         +4.245754246e-03
171         +4.270729271e-03
172         +4.295704296e-03
173         +4.320679321e-03
174         +4.345654346e-03
175         +4.370629371e-03
176         +4.395604396e-03
177         +4.420579421e-03
178         +4.445554446e-03
179         +4.470529471e-03
180         +4.495504496e-03
181         +4.520479520e-03
182         +4.545454545e-03
183         +4.570429570e-03
184         +4.595404595e-03
185         +4.620379620e-03
186         +4.645354645e-03
187         +4.670329670e-03
188         +4.695304695e-03
189         +4.720279720e-03
190         +4.745254745e-03
191         +4.770229770e-03
192         +4.795204795e-03
193         +4.820179820e-03
194         +4.845154845e-03
195         +4.870129870e-03
196         +4.895104895e-03
197         +4.920079920e-03
198         +4.945054945e-03
199         +4.970029970e-03
200         +4.995004995e-03
201         +5.019980020e-03
202         +5.044955045e-03
203         +5.069930070e-03
204         +5.094905095e-03
205         +5.119880120e-03
206         +5.144855145e-03
207         +5.169830170e-03
208         +5.194805195e-03
209         +5.219780220e-03
210         +5.244755245e-03
211         +5.269730270e-03
212         +5.294705295e-03
213         +5.319680320e-03
214         +5.344655345e-03
215         +5.369630370e-03
216         +5.394605395e-03
217         +5.419580420e-03
218         +5.444555445e-03
219         +5.469530470e-03
220         +5.494505495e-03
221         +5.519480519e-03
222         +5.544455544e-03
223         +5.569430569e-03
224         +5.594405594e-03
225         +5.619380619e-03
226         +5.644355644e-03
227         +5.669330669e-03
228         +5.694305694e-03
229         +5.719280719e-03
230         +5.744255744e-03
231         +5.769230769e-03
232         +5.794205794e-03
233         +5.819180819e-03
234         +5.844155844e-03
235         +5.869130869e-03
236         +5.894105894e-03
237         +5.919080919e-03
238         +5.944055944e-03
239         +5.969030969e-03
240         +5.994005994e-03
241         +6.018981019e-03
242         +6.043956044e-03
243         +6.068931069e-03
244         +6.093906094e-03
245         +6.118881119e-03
246         +6.143856144e-03
247         +6.168831169e-03
248         +6.193806194e-03
249         +6.218781219e-03
250         +6.243756244e-03
251         +6.268731269e-03
252         +6.293706294e-03
253         +6.318681319e-03
254         +6.343656344e-03
255         +6.368631369e-03
256         +6.393606394e-03
257         +6.418581419e-03
258         +6.443556444e-03
259         +6.468531469e-03
260         +6.493506494e-03
261         +6.518481518e-03
262         +6.543456543e-03
263         +6.568431568e-03
264         +6.593406593e-03
265         +6.618381618e-03
266         +6.643356643e-03
267         +6.668331668e-03
268         +6.693306693e-03
269         +6.718281718e-03
270         +6.743256743e-03
271         +6.768231768e-03
272         +6.793206793e-03
273         +6.818181818e-03
274         +6.843156843e-03
275         +6.868131868e-03
276         +6.893106893e-03
277         +6.918081918e-03
278         +6.943056943e-03
279         +6.968031968e-03
280         +6.993006993e-03
281         +7.017982018e-03
282         +7.042957043e-03
283         +7.067932068e-03
284         +7.092907093e-03
285         +7.117882118e-03
286         +7.142857143e-03
287         +7.167832168e-03
288         +7.192807193e-03
289         +7.217782218e-03
290         +7.242757243e-03
291         +7.267732268e-03
292         +7.292707293e-03
293         +7.317682318e-03
294         +7.342657343e-03
295         +7.367632368e-03
296         +7.392607393e-03
297         +7.417582418e-03
298         +7.442557443e-03
299         +7.467532468e-03
300         +7.492507493e-03
301         +7.517482517e-03
302         +7.542457542e-03
303         +7.567432567e-03
304         +7.592407592e-03
305         +7.617382617e-03
306         +7.642357642e-03
307         +7.667332667e-03
308         +7.692307692e-03
309         +7.717282717e-03
310         +7.742257742e-03
311         +7.767232767e-03
312         +7.792207792e-03
313         +7.817182817e-03
314         +7.842157842e-03
315         +7.867132867e-03
316         +7.892107892e-03
317         +7.917082917e-03
318         +7.942057942e-03
319         +7.967032967e-03
320         +7.992007992e-03
321         +8.016983017e-03
322         +8.041958042e-03
323         +8.066933067e-03
324         +8.091908092e-03
325         +8.116883117e-03
326         +8.141858142e-03
327         +8.166833167e-03
328         +8.191808192e-03
329         +8.216783217e-03
330         +8.241758242e-03
331         +8.266733267e-03
332         +8.291708292e-03
333         +8.316683317e-03
334         +8.341658342e-03
335         +8.366633367e-03
336         +8.391608392e-03
337         +8.416583417e-03
338         +8.441558442e-03
339         +8.466533467e-03
340         +8.491508492e-03
341         +8.516483516e-03
342         +8.541458541e-03
343         +8.566433566e-03
344         +8.591408591e-03
345         +8.616383616e-03
346         +8.641358641e-03
347         +8.666333666e-03
348         +8.691308691e-03
349         +8.716283716e-03
350         +8.741258741e-03
351         +8.766233766e-03
352         +8.791208791e-03
353         +8.816183816e-03
354         +8.841158841e-03
355         +8.866133866e-03
356         +8.891108891e-03
357         +8.916083916e-03
358         +8.941058941e-03
359         +8.966033966e-03
360         +8.991008991e-03
361         +9.015984016e-03
362         +9.040959041e-03
363         +9.065934066e-03
364         +9.090909091e-03
365         +9.115884116e-03
366         +9.140859141e-03
367         +9.165834166e-03
368         +9.190809191e-03
369         +9.215784216e-03
370         +9.240759241e-03
371         +9.265734266e-03
372         +9.290709291e-03
373         +9.315684316e-03
374         +9.340659341e-03
375         +9.365634366e-03
376         +9.390609391e-03
377         +9.415584416e-03
378         +9.440559441e-03
379         +9.465534466e-03
380         +9.490509491e-03
381         +9.515484515e-03
382         +9.540459540e-03
383         +9.565434565e-03
384         +9.590409590e-03
385         +9.615384615e-03
386         +9.640359640e-03
387         +9.665334665e-03
388         +9.690309690e-03
389         +9.715284715e-03
390         +9.740259740e-03
391         +9.765234765e-03
392         +9.790209790e-03
393         +9.815184815e-03
394         +9.840159840e-03
395         +9.865134865e-03
396         +9.890109890e-03
397         +9.915084915e-03
398         +9.940059940e-03
399         +9.965034965e-03
400         +9.990009990e-03
401         +1.001498501e-02
402         +1.003996004e-02
403         +1.006493506e-02
404         +1.008991009e-02
405         +1.011488511e-02
406         +1.013986014e-02
407         +1.016483516e-02
408         +1.018981019e-02
409         +1.021478521e-02
410         +1.023976024e-02
411         +1.026473526e-02
412         +1.028971029e-02
413         +1.031468531e-02
414         +1.033966034e-02
415         +1.036463536e-02
416         +1.038961039e-02
417         +1.041458541e-02
418         +1.043956044e-02
419         +1.046453546e-02
420         +1.048951049e-02
421         +1.051448551e-02
422         +1.053946054e-02
423         +1.056443556e-02
424         +1.058941059e-02
425         +1.061438561e-02
426         +1.063936064e-02
427         +1.066433566e-02
428         +1.068931069e-02
429         +1.071428571e-02
430         +1.073926074e-02
431         +1.076423576e-02
432         +1.078921079e-02
433         +1.081418581e-02
434         +1.083916084e-02
435         +1.086413586e-02
436         +1.088911089e-02
437         +1.091408591e-02
438         +1.093906094e-02
439         +1.096403596e-02
440         +1.098901099e-02
441         +1.101398601e-02
442         +1.103896104e-02
443         +1.106393606e-02
444         +1.108891109e-02
445         +1.111388611e-02
446         +1.113886114e-02
447         +1.116383616e-02
448         +1.118881119e-02
449         +1.121378621e-02
450         +1.123876124e-02
451         +1.126373626e-02
452         +1.128871129e-02
453         +1.131368631e-02
454         +1.133866134e-02
455         +1.136363636e-02
456         +1.138861139e-02
457         +1.141358641e-02
458         +1.143856144e-02
459         +1.146353646e-02
460         +1.148851149e-02
461         +1.151348651e-02
462         +1.153846154e-02
463         +1.156343656e-02
464         +1.158841159e-02
465         +1.161338661e-02
466         +1.163836164e-02
467         +1.166333666e-02
468         +1.168831169e-02
469         +1.171328671e-02
470         +1.173826174e-02
471         +1.176323676e-02
472         +1.178821179e-02
473         +1.181318681e-02
474         +1.183816184e-02
475         +1.186313686e-02
476         +1.188811189e-02
477         +1.191308691e-02
478         +1.193806194e-02
479         +1.196303696e-02
480         +1.198801199e-02
481         +1.201298701e-02
482         +1.203796204e-02
483         +1.206293706e-02
484         +1.208791209e-02
485         +1.211288711e-02
486         +1.213786214e-02
487         +1.216283716e-02
488         +1.218781219e-02
489         +1.221278721e-02
490         +1.223776224e-02
491         +1.226273726e-02
492         +1.228771229e-02
493         +1.231268731e-02
494         +1.233766234e-02
495         +1.236263736e-02
496         +1.238761239e-02
497         +1.241258741e-02
498         +1.243756244e-02
499         +1.246253746e-02
500         +1.248751249e-02
501         +1.250000000e-02
